1958
124
1532
759
1662
701
204
1118
1054
1146
640
1384
1696
1514
485
568
1494
1536
165
253
1530
1978
1409
255
763
1443
927
1700
1212
1128
1791
1849
167
1926
1486
448
1815
535
1611
1217
889
1189
1403
1169
1610
1686
1431
1542
505
551
720
933
247
811
1458
1110
1366
109
961
1193
963
1260
1807
1848
1669
130
1353
587
85
1340
970
351
266
1972
1662
987
1770
1073
1812
1640
118
783
318
1105
978
513
451
1966
1020
1742
750
996
286
1368
1634
289
68
848
909
1149
139
1182
838
209
1323
955
450
676
164
1967
321
670
1867
476
349
796
1445
1935
1919
1143
1240
1597
1963
1092
1937
621
1601
446
1396
1349
1424
1204
370
446
510
652
306
1398
1269
1160
490
1331
620
28
1218
1998
1100
1949
1332
205
1754
877
1045
780
1266
1969
77
1003
1356
138
1836
314
1733
1631
797
1981
1859
1545
1995
1395
491
1597
1952
1250
68
1420
664
826
1756
1598
1662
288
347
490
1704
1513
1811
1989
811
611
298
327
312
453
1370
1222
1577
186
880
1227
268
163
444
436
651
204
77
1739
476
1598
1581
980
1078
1745
434
257
1251
875
479
1274
948
82
487
912
703
658
1218
1848
969
355
559
1124
545
1197
618
1974
350
1238
1661
450
58
508
1119
224
1705
681
285
1637
1872
91
583
1902
1558
1974
726
806
994
389
737
198
1036
1022
1275
693
1908
726
1017
718
466
1512
1588
1011
47
1997
374
1055
399
1092
675
1111
1672
1536
193
1612
799
1639
87
816
323
480
1691
656
380
999
439
532
245
775
1596
1276
794
1377
1858
1835
1749
195
1598
1053
1973
152
157
1471
1903
946
1839
727
832
498
1280
305