985
1232
1563
1089
1872
1310
1689
1672
1442
1529
818
1762
1476
1677
1457
1512
1503
572
1561
1358
1176
1870
856
1040
1213
995
1937
781
1587
408
554
369
332
1796
953
893
53
1656
1253
1661
1014
1325
431
1059
554
1695
187
1626
465
1116
896
477
125
445
1813
449
1232
1996
596
1851
1735
1871
1824
1897
917
387
1129
1416
1403
881
1439
984
418
981
784
915
1404
789
822
1624
238
447
150
1492
550
2000
1984
759
145
1675
1444
755
844
930
933
224
34
461
1402
253
234
1837
1699
1297
360
1219
1924
166
1340
1962
181
1117
512
1349
1111
628
1052
777
1695
113
1165
828
1966
745
807
990
1256
1342
1990
1815
1868
1865
834
1985
926
678
1519
697
170
1908
477
159
1596
1030
981
1064
794
588
1921
869
1428
183
1077
1298
1746
1930
1111
1088
1526
1809
1456
344
1751
203
755
905
1432
1375
673
753
1380
316
1684
34
1034
1717
1519
1634
960
742
948
752
1294
1911
1510
1167
138
132
1369
712
867
595
1707
912
481
1174
1544
967
1198
1889
1246
1964
605
1446
72
1052
177
1273
1155
100
984
948
438
396
1022
802
31
366
150
1824
1396
696
1734
351
1758
957
1011
60
1859
849
1525
1173
1993
1334
1608
1537
597
259
1396
1463
335
299
311
651
902
1125
916
467
677
361
1857
1810
1310
93
1160
49
345
459
894
127
207
526
1188
303
1241
111
350
1160
1739
1976
159
1633
1322
71
1554
1239
1861
209
1894
43
82
1200
1963
412
437
441
1861
398
200
159
1648
225
1447
1276
198
613